kinematics:
  shoulder:
    x: 0
    y: 0
    z: 0.16256781362702225
    roll: -0
    pitch: 0
    yaw: -4.9547331792271231e-07
  upper_arm:
    x: 8.8204202123634789e-05
    y: 0
    z: 0
    roll: 1.5698919703099457
    pitch: 0
    yaw: 2.9580587013418181e-06
  forearm:
    x: -0.42526179066071162
    y: 0
    z: 0
    roll: 3.1403430495622282
    pitch: 3.1401141264428309
    yaw: -3.1415910895497712
  wrist_1:
    x: -0.39218018624412976
    y: 6.1766660998866229e-05
    z: 0.13443665639650557
    roll: 3.141133205561939
    pitch: 3.140396709806109
    yaw: -3.1415897572464551
  wrist_2:
    x: 5.0986597747911108e-05
    y: -0.099818185768273351
    z: -4.4087694245965518e-05
    roll: 1.5712380067456966
    pitch: 0
    yaw: 1.3186200384651681e-06
  wrist_3:
    x: 4.624375216758413e-06
    y: 0.099455716712209194
    z: 0.00012220116179316917
    roll: 1.5720250253990307
    pitch: 3.1415926535897931
    yaw: 3.1415926385815061
  hash: calib_3034999287612891716